73 2
73 3
73 4
72 5
72 6
72 7
71 8
71 9
70 10
70 11
70 12
70 13
69 14
69 15
68 16
68 17
68 18
68 19
67 20
67 21
66 22
66 23
66 24
66 25
65 26
65 27
65 28
64 29
64 30
64 31
63 32
63 33
63 34
62 35
62 36
62 37
62 38
61 39
61 40
60 41
60 42
60 43
60 44
59 45
59 46
58 47
58 48
58 49
58 50
57 51
57 52
57 53
56 54
56 55
56 56
56 57
55 58
55 59
55 60
54 61
54 62
54 63
54 64
53 65
53 66
53 67
52 68
52 69
52 70
52 71
51 72
51 73
51 74
51 75
50 76
50 77
50 78
50 79
50 80
49 81
49 82
49 83
49 84
48 85
48 86
48 87
48 88
48 89
47 90
47 91
47 92
47 93
47 94
46 95
46 96
46 97
46 98
46 99
46 100
45 101
45 102
45 103
45 104
45 105
45 106
44 107
44 108
44 109
44 110
44 111
44 112
44 113
43 114
43 115
43 116
43 117
43 118
43 119
43 120
42 121
42 122
42 123
42 124
42 125
42 126
42 127
42 128
42 129
41 130
41 131
41 132
41 133
41 134
41 135
41 136
41 137
41 138
40 139
40 140
40 141
40 142
40 143
40 144
40 145
40 146
40 147
40 148
40 149
40 150
40 151
39 152
39 153
39 154
39 155
39 156
39 157
39 158
39 159
39 160
39 161
39 162
39 163
39 164
39 165
39 166
39 167
38 168
38 169
38 170
38 171
38 172
38 173
38 174
38 175
38 176
38 177
38 178
38 179
38 180
38 181
38 182
38 183
38 184
38 185
38 186
38 187
38 188
38 189
38 190
38 191
38 192
38 193
38 194
38 195
38 196
38 197
38 198
38 199
38 200
